lastAccountName: oDx17
timestamps:
  login: 1610065738929
  logout: 1610065742567
ipAddress: 37.104.208.37
lastlocation:
  world: world
  x: 8.5
  y: 77.0
  z: -3.5
  yaw: 5.6712112
  pitch: 0.0
logoutlocation:
  world: world
  x: 3.0
  y: 76.0
  z: -5.0
  yaw: -103.04987
  pitch: 28.949976
money: '38.9889999999999996'
