lastAccountName: oDx17
timestamps:
  login: 1610580910910
  logout: 1610580920178
ipAddress: 37.107.189.103
lastlocation:
  world: world
  x: 8.5
  y: 77.0
  z: -3.5
  yaw: 5.6712112
  pitch: 0.0
logoutlocation:
  world: world
  x: 3.0
  y: 60.0
  z: -5.0
  yaw: -55.049904
  pitch: 49.500137
money: '38.9889999999999996'
