lastAccountName: MajorAmari
timestamps:
  login: 1610484894542
  logout: 1610484939455
  lastteleport: 1610482029624
ipAddress: 197.132.38.199
lastlocation:
  world: world
  x: -407.4327381629158
  y: 81.0
  z: 552.3604324817334
  yaw: -153.43698
  pitch: 14.881111
logoutlocation:
  world: world
  x: -311.1547757477987
  y: 70.0
  z: 642.3502018928386
  yaw: 335.4181
  pitch: 6.303577
money: '20262.20298000000038964'
afk: false
