lastAccountName: MajorAmari
timestamps:
  login: 1611007871773
  logout: 1611007904550
  lastteleport: 1610991198295
ipAddress: 197.132.9.236
lastlocation:
  world: world
  x: 808.6845601335499
  y: 88.11514878817938
  z: 427.2202319313829
  yaw: 137.08293
  pitch: 27.73033
logoutlocation:
  world: world
  x: 906.7367675785338
  y: 77.17122127447863
  z: 409.5671613954152
  yaw: 100.28747
  pitch: 39.23647
money: '24956.54904000000050337'
afk: false
powertools: {}
