lastAccountName: MajorAmari
timestamps:
  login: 1611587961845
  logout: 1611589194453
  lastteleport: 1611585898612
ipAddress: 197.132.234.65
lastlocation:
  world: world_nether
  x: 63.504894421399335
  y: 82.33992148693494
  z: 165.23743216028947
  yaw: 276.45807
  pitch: 13.3118515
logoutlocation:
  world: world
  x: -595.7129292806079
  y: 79.5
  z: 690.3000000119209
  yaw: 257.25854
  pitch: 31.285942
money: '32453.34313999999988125'
afk: false
powertools: {}
