lastAccountName: MajorAmari
timestamps:
  login: 1613175200052
  logout: 1613175203305
  lastteleport: 1612539944067
ipAddress: 197.132.253.176
lastlocation:
  world: world
  x: -586.5
  y: 83.5625
  z: 686.5
  yaw: 89.99999
  pitch: 0.0
logoutlocation:
  world: world
  x: -586.5
  y: 83.5625
  z: 686.5
  yaw: 83.73949
  pitch: 1.3355948
money: '13502.17918999999942185'
afk: false
powertools: {}
