lastAccountName: MajorAmari
timestamps:
  login: 1610609834038
  logout: 1610610255460
  lastteleport: 1610609533522
ipAddress: 197.134.28.76
lastlocation:
  world: world
  x: -585.5
  y: 72.0
  z: 700.5
  yaw: 213.44046
  pitch: 16.41995
logoutlocation:
  world: world
  x: -929.4192913513847
  y: 63.0
  z: 767.23438993322
  yaw: 94.061005
  pitch: 19.05844
money: '24265.49408000000076132'
afk: false
powertools: {}
