lastAccountName: MajorAmari
timestamps:
  login: 1613742459821
  logout: 1613742637390
  lastteleport: 1612539944067
ipAddress: 105.38.141.1
lastlocation:
  world: world
  x: -586.0306863158052
  y: 83.0625
  z: 690.5551825186093
  yaw: -82.427704
  pitch: 24.890394
logoutlocation:
  world: world
  x: -584.55139592573
  y: 78.0
  z: 691.3984372729211
  yaw: 78.841736
  pitch: 16.528103
money: '14985.86986999999941655'
afk: false
powertools: {}
