lastAccountName: MajorAmari
timestamps:
  login: 1610670725721
  logout: 1610670824280
  lastteleport: 1610658277696
ipAddress: 197.134.28.76
lastlocation:
  world: world_the_end
  x: -1535.7171648168032
  y: 61.0
  z: 2143.0374586705957
  yaw: 252.26215
  pitch: 5.6764956
logoutlocation:
  world: world_the_end
  x: 12.380113991486233
  y: 64.0
  z: -19.81425514324696
  yaw: -2.4553528
  pitch: 76.0084
money: '24516.54904000000050337'
afk: false
powertools: {}
