lastAccountName: BelleDelphine
timestamps:
  login: 1610561446588
  logout: 1610564911760
ipAddress: 176.199.211.208
logoutlocation:
  world: world
  x: -542.9928163528643
  y: 82.0
  z: 721.8128159351178
  yaw: 265.04932
  pitch: 26.550049
money: '9.5'
lastlocation:
  world: world
  x: 42.65251186530041
  y: 77.0
  z: 41.11726493036821
  yaw: 268.0501
  pitch: 59.250004
