lastAccountName: gr_x
timestamps:
  login: 1610604115746
  logout: 1610610279553
ipAddress: 46.38.82.77
money: '0.0'
logoutlocation:
  world: world
  x: -202.87623024245661
  y: 70.0
  z: 644.292473113608
  yaw: 257.76733
  pitch: 21.863464
