lastAccountName: gr_x
timestamps:
  login: 1611048430017
  logout: 1611048627236
ipAddress: 5.132.219.200
money: '0.0'
logoutlocation:
  world: world
  x: -236.34406648857674
  y: 70.0
  z: 677.7389237649104
  yaw: -215.39204
  pitch: 0.95202863
