lastAccountName: gr_x
timestamps:
  login: 1610525546561
  logout: 1610530087750
ipAddress: 46.38.82.77
money: '0.0'
logoutlocation:
  world: world
  x: -315.7661353399272
  y: 66.0
  z: 537.2353333916537
  yaw: -57.437744
  pitch: 6.2817125
