lastAccountName: gr_x
timestamps:
  login: 1610713557231
  logout: 1610714442770
ipAddress: 46.38.82.77
money: '0.0'
logoutlocation:
  world: world
  x: -275.0120656474507
  y: 74.0
  z: 670.8944745282
  yaw: -265.72632
  pitch: 12.626972
