lastAccountName: Zxo8
timestamps:
  login: 1610299026389
  logout: 1610302510769
ipAddress: 51.235.135.66
money: '100.0'
logoutlocation:
  world: world
  x: -636.3891431250727
  y: 80.0
  z: -336.69999998807907
  yaw: 28.9097
  pitch: -27.865229
