lastAccountName: Itsme_q1
timestamps:
  login: 1613271000203
  logout: 1613272863922
ipAddress: 94.249.25.57
money: '0.0'
logoutlocation:
  world: world
  x: -3.5
  y: 75.0
  z: -10.5
  yaw: -0.9386652
  pitch: -0.31288838
