lastAccountName: dark_wolf_q8
timestamps:
  login: 1610717798341
  logout: 1610717810453
ipAddress: 194.54.217.156
logoutlocation:
  world: world
  x: 434.0886937913622
  y: 88.0
  z: 356.55321955285694
  yaw: -296.98074
  pitch: 7.3499656
money: '50.0'
