lastAccountName: LAITH_AGN
timestamps:
  login: 1611175923587
  logout: 1611176698881
ipAddress: 92.253.100.92
money: '0.0'
logoutlocation:
  world: world
  x: -338.86250001192093
  y: 64.0
  z: 483.3000000119209
  yaw: 77.5506
  pitch: 43.949875
lastlocation:
  world: world
  x: -353.67896299227175
  y: 11.0
  z: 545.3000000119209
  yaw: 184.50009
  pitch: 11.550068
