lastAccountName: LAITH_AGN
timestamps:
  login: 1611642433830
  logout: 1611642437762
ipAddress: 213.186.187.193
money: '0.0'
logoutlocation:
  world: world
  x: -252.29821276954033
  y: 62.0
  z: 541.8933329679749
  yaw: -189.59967
  pitch: 8.549994
lastlocation:
  world: world
  x: -353.67896299227175
  y: 11.0
  z: 545.3000000119209
  yaw: 184.50009
  pitch: 11.550068
