lastAccountName: Baderb77
timestamps:
  login: 1612727945288
  logout: 1612727990201
ipAddress: 31.166.45.95
logoutlocation:
  world: world
  x: -550.4948518398521
  y: 13.0
  z: 518.7037349252204
  yaw: 355.8982
  pitch: 16.74836
