lastAccountName: krb_11ii
timestamps:
  login: 1610524064491
  logout: 1610524099666
ipAddress: 217.164.2.175
money: '37.5'
logoutlocation:
  world: world
  x: 12.699999988079073
  y: 77.0
  z: -6.454533287151795
  yaw: -301.05096
  pitch: 20.699898
