lastAccountName: kira
timestamps:
  login: 1613747411924
  logout: 1613747487295
ipAddress: 41.47.84.140
logoutlocation:
  world: world
  x: -585.1750596928379
  y: 72.0
  z: 710.5580587417375
  yaw: -318.6005
  pitch: 8.099948
money: '2634.4023000000000051'
lastlocation:
  world: world
  x: -579.4760725939091
  y: 82.54045116802585
  z: 687.9875000119209
  yaw: -251.24997
  pitch: 60.750008
