lastAccountName: kira
timestamps:
  login: 1613158825794
  logout: 1613158854867
ipAddress: 41.42.51.225
logoutlocation:
  world: world
  x: -579.4760725939091
  y: 82.8447679954834
  z: 687.9875000119209
  yaw: -251.24997
  pitch: 60.750008
money: '2525.2778000000000054'
lastlocation:
  world: world
  x: -579.4760725939091
  y: 83.0
  z: 687.9875000119209
  yaw: -251.24997
  pitch: 60.750008
