lastAccountName: talal9650
timestamps:
  login: 1612375708496
  logout: 1612375768572
ipAddress: 51.36.218.251
logoutlocation:
  world: world
  x: -301.5
  y: 72.0
  z: 779.5
  yaw: -4.94156E-6
  pitch: 0.0
money: '90.80395000000002820'
lastlocation:
  world: world
  x: -281.30000001192093
  y: 70.0
  z: 579.2298626737776
  yaw: 358.04996
  pitch: 2.9999692
