lastAccountName: talal9650
timestamps:
  login: 1611519452681
  logout: 1611519497720
ipAddress: 51.39.114.242
logoutlocation:
  world: world
  x: -218.5
  y: 70.0
  z: 689.5
  yaw: -180.0
  pitch: 0.0
money: '10.61575000000003147'
lastlocation:
  world: world
  x: -271.2940155799341
  y: 71.0
  z: 753.0531470536866
  yaw: 65.55177
  pitch: 41.250004
