lastAccountName: Amata_Milk
timestamps:
  login: 1610562895336
  logout: 1610565636323
  lastteleport: 1610301854170
ipAddress: 51.252.16.153
lastlocation:
  world: world
  x: 31.887776789132015
  y: 77.0
  z: -5.093392653118457
  yaw: 160.84723
  pitch: 20.646044
logoutlocation:
  world: world
  x: -1121.3674253259915
  y: 64.0
  z: 1959.5979123881777
  yaw: -187.80003
  pitch: -5.849998
money: '998.03230000000006125'
