lastAccountName: Amata_Milk
timestamps:
  login: 1611344903369
  logout: 1611344916985
  lastteleport: 1610301854170
ipAddress: 8.20.101.252
lastlocation:
  world: world
  x: 31.887776789132015
  y: 77.0
  z: -5.093392653118457
  yaw: 160.84723
  pitch: 20.646044
logoutlocation:
  world: world
  x: -1120.7130965597555
  y: 64.0
  z: 1945.801037175034
  yaw: -277.19998
  pitch: 21.300007
money: '1200.41730000000006125'
