lastAccountName: lilnemo2
timestamps:
  login: 1612903260686
  logout: 1612905553347
ipAddress: 46.152.209.69
logoutlocation:
  world: world
  x: -320.30000001192093
  y: 64.5
  z: 477.2306003142429
  yaw: 158.84644
  pitch: 6.1498713
money: '25.0'
