lastAccountName: mp53d
timestamps:
  login: 1613586103395
  logout: 1613586148363
ipAddress: 156.194.73.63
logoutlocation:
  world: world
  x: -712.1189211176891
  y: 64.0
  z: 0.5046108188270486
  yaw: 311.99994
  pitch: 6.600136
money: '0.0'
lastlocation:
  world: world
  x: 14.120842924367153
  y: 77.0
  z: -4.087101002112658
  yaw: 75.45175
  pitch: 31.649939
