lastAccountName: abodymnms
timestamps:
  login: 1610059092273
  logout: 1610059137239
ipAddress: 31.166.42.90
lastlocation:
  world: world
  x: -354.4543024077547
  y: 69.0
  z: 506.69999998807907
  yaw: 251.11987
  pitch: 35.300312
money: '0.0'
logoutlocation:
  world: world
  x: -324.48063287632186
  y: 64.0
  z: 504.48522955240253
  yaw: 334.1206
  pitch: 4.7997265
