lastAccountName: abodymnms
timestamps:
  login: 1611561582034
  logout: 1611564309985
ipAddress: 31.166.67.144
lastlocation:
  world: world_the_end
  x: -3740.6145388588297
  y: 59.0
  z: 1608.8139412225196
  yaw: 26.700043
  pitch: 21.314993
money: '16176.27759999999996671'
logoutlocation:
  world: world
  x: -341.1973920719398
  y: 64.0
  z: 499.0387113132836
  yaw: 142.42383
  pitch: 13.800314
