lastAccountName: abodymnms
timestamps:
  login: 1610570610446
  logout: 1610576004560
ipAddress: 31.166.42.90
lastlocation:
  world: world
  x: -454.3631337599901
  y: 56.0
  z: 919.3000000119209
  yaw: 300.4978
  pitch: 12.15026
money: '1511.24980000000001280'
logoutlocation:
  world: world
  x: -1053.8079267560952
  y: 64.0
  z: 1963.953087895924
  yaw: 168.88562
  pitch: 1.1995955
