lastAccountName: abodymnms
timestamps:
  login: 1610515733511
  logout: 1610540399601
ipAddress: 31.166.42.90
lastlocation:
  world: world
  x: -440.73202281952314
  y: 67.0
  z: 914.0629367814068
  yaw: 281.76465
  pitch: 22.949484
money: '6530.66554999999996745'
logoutlocation:
  world: world
  x: -8.847122166012324
  y: 63.0
  z: -319.9615301343182
  yaw: -239.7445
  pitch: 12.900223
