lastAccountName: abodymnms
timestamps:
  login: 1613729900557
  logout: 1613744423273
ipAddress: 31.166.217.42
lastlocation:
  world: world
  x: -204.90815552572616
  y: 44.0
  z: -3362.487500011921
  yaw: 89.2583
  pitch: 11.550501
money: '35136.00208000000093284'
logoutlocation:
  world: world
  x: -373.5127113284079
  y: 63.9375
  z: 488.0145343766511
  yaw: 88.19922
  pitch: 14.099832
afk: false
