lastAccountName: abodymnms
timestamps:
  login: 1610734592478
  logout: 1610739128745
ipAddress: 31.166.42.90
lastlocation:
  world: world
  x: -176.07437627271838
  y: 12.0
  z: 68.30999691231459
  yaw: 273.5404
  pitch: 16.049534
money: '9436.03929999999942151'
logoutlocation:
  world: world
  x: -343.741614274817
  y: 64.0
  z: 493.61618484115604
  yaw: 352.86133
  pitch: 11.700168
