lastAccountName: abodymnms
timestamps:
  login: 1613176476900
  logout: 1613176419923
ipAddress: 31.166.217.42
lastlocation:
  world: world
  x: 788.3317195241184
  y: 85.75435561081532
  z: -3542.835557593652
  yaw: 19.981018
  pitch: 19.948736
money: '28458.92040000000059288'
logoutlocation:
  world: world
  x: 814.0382452723898
  y: 62.467775995494314
  z: -3348.4891541224265
  yaw: 101.42926
  pitch: 8.8486805
