lastAccountName: abodymnms
timestamps:
  login: 1611066815530
  logout: 1611086327551
ipAddress: 31.166.42.90
lastlocation:
  world: world
  x: 243.8168246843859
  y: 126.0
  z: -1386.4184632883985
  yaw: 55.377075
  pitch: 13.800071
money: '11465.61209999999921341'
logoutlocation:
  world: world
  x: -337.6752132146344
  y: 68.0
  z: 538.2163783217413
  yaw: 157.5044
  pitch: 0.89984316
