lastAccountName: abodymnms
timestamps:
  login: 1613175210889
  logout: 1613175149206
ipAddress: 31.166.217.42
lastlocation:
  world: world
  x: 871.567450720208
  y: 53.558721583542514
  z: -3309.5462230107128
  yaw: 358.69116
  pitch: 15.149533
money: '27927.20030000000060298'
logoutlocation:
  world: world
  x: -341.2716368544501
  y: 64.0
  z: 487.6747373093961
  yaw: 173.10765
  pitch: 25.349886
