lastAccountName: KkBasharkK
timestamps:
  login: 1613562840583
  logout: 1613563249422
ipAddress: 88.133.58.148
logoutlocation:
  world: world
  x: -49.23853649800102
  y: 83.0
  z: -63.23060468123723
  yaw: 97.53705
  pitch: 37.199715
