lastAccountName: Abdullah111Ali
timestamps:
  login: 1610288379910
  logout: 1610288910789
ipAddress: 78.154.217.85
lastlocation:
  world: world
  x: 11.5
  y: 77.0
  z: -5.5
  yaw: 3.518826
  pitch: 0.0
money: '100.0'
logoutlocation:
  world: world
  x: 3.0
  y: 76.0
  z: -4.6562761067858265
  yaw: -42.299973
  pitch: 5.8499856
