lastAccountName: Abdullah111Ali
timestamps:
  login: 1611409133100
  logout: 1611409543178
ipAddress: 78.154.217.85
lastlocation:
  world: world
  x: 11.5
  y: 77.0
  z: -5.5
  yaw: 3.518826
  pitch: 0.0
money: '100.0'
logoutlocation:
  world: world
  x: -1.5
  y: 77.0
  z: -13.5
  yaw: 3.450004
  pitch: 31.499996
