lastAccountName: mohamed_harame
timestamps:
  login: 1610737622080
  logout: 1610739073801
ipAddress: 5.22.135.66
money: '1925.8150000000001337'
logoutlocation:
  world: world
  x: -453.68423223293684
  y: 56.0
  z: 911.3000000119209
  yaw: -172.73866
  pitch: 27.300222
lastlocation:
  world: world
  x: -435.84143939587767
  y: 72.0
  z: 591.9085634192827
  yaw: -251.10101
  pitch: 25.349972
