lastAccountName: mohamed_harame
timestamps:
  login: 1611053550098
  logout: 1611053594087
ipAddress: 5.22.135.233
money: '1925.8150000000001337'
logoutlocation:
  world: world
  x: -439.4045726921428
  y: 63.0
  z: 891.276037139573
  yaw: 243.35883
  pitch: -18.149864
lastlocation:
  world: world
  x: -435.84143939587767
  y: 72.0
  z: 591.9085634192827
  yaw: -251.10101
  pitch: 25.349972
