lastAccountName: DKGS
timestamps:
  login: 1613740614173
  logout: 1613745059263
ipAddress: 139.64.49.229
money: '2001.43115000000005694'
logoutlocation:
  world: world
  x: -332.43106564426444
  y: 63.0
  z: 609.0276460200971
  yaw: -333.0007
  pitch: 40.950024
