lastAccountName: DKGS
timestamps:
  login: 1613066915020
  logout: 1613069133229
ipAddress: 130.164.136.186
money: '1475.8550000000000400'
logoutlocation:
  world: world
  x: -286.87197184394415
  y: 72.0
  z: 782.1587624473661
  yaw: -69.8884
  pitch: 23.099594
