lastAccountName: steeldeadeye
timestamps:
  login: 1613071482131
  logout: 1613071484818
ipAddress: 196.77.109.17
logoutlocation:
  world: world
  x: 46.19273470065124
  y: 77.0
  z: 15.056219404962654
  yaw: 122.85004
  pitch: 50.400066
money: '100.0'
