lastAccountName: steeldeadeye
timestamps:
  login: 1613485183132
  logout: 1613485302541
ipAddress: 160.178.94.216
logoutlocation:
  world: world
  x: -23.633155938596545
  y: 74.0
  z: -80.52733761003212
  yaw: 87.6004
  pitch: 15.900073
money: '50.0'
