lastAccountName: Dx17
timestamps:
  login: 1613740027582
  logout: 1613740298553
ipAddress: 175.110.207.18
logoutlocation:
  world: world
  x: -337.69999998807907
  y: 64.0
  z: 546.0102609937161
  yaw: -123.92114
  pitch: 28.302505
money: '2798.0350000000000938'
lastlocation:
  world: world
  x: 833.1606323703884
  y: 64.0
  z: -876.960933442999
  yaw: -232.68567
  pitch: 31.032892
