lastAccountName: Dx17
timestamps:
  login: 1610581234922
  logout: 1610581399851
ipAddress: 37.124.218.59
logoutlocation:
  world: world
  x: 5.5
  y: 77.0
  z: -7.5
  yaw: -4.780771
  pitch: -0.45000005
