lastAccountName: Dx17
timestamps:
  login: 1613176470015
  logout: 1613178566349
ipAddress: 159.0.230.135
logoutlocation:
  world: world
  x: -314.1716755296728
  y: 64.9375
  z: 521.5358884233676
  yaw: -217.31543
  pitch: 9.275127
money: '1719.8600000000000763'
lastlocation:
  world: world
  x: -337.35927726710423
  y: 25.0
  z: 549.9864425053479
  yaw: -172.54736
  pitch: 33.011776
