lastAccountName: Dx17
timestamps:
  login: 1613167734042
  logout: 1613171588438
ipAddress: 159.0.230.135
logoutlocation:
  world: world
  x: -250.02871678662302
  y: 72.0
  z: 575.277635102504
  yaw: -321.23706
  pitch: 46.104534
money: '1409.9000000000000718'
lastlocation:
  world: world
  x: -370.81592242064966
  y: 11.0
  z: 868.3000000119209
  yaw: -12.199707
  pitch: 34.142376
