lastAccountName: ms7gamer
timestamps:
  login: 1610552599779
  logout: 1610552602592
ipAddress: 2.51.41.163
money: '0.0'
logoutlocation:
  world: world
  x: -343.5375936896901
  y: 64.0
  z: 486.06399768840225
  yaw: -0.29999813
  pitch: 23.55001
