lastAccountName: Saudujin
timestamps:
  login: 1611276165949
  logout: 1611276601314
ipAddress: 77.30.177.72
money: '100.0'
logoutlocation:
  world: world
  x: 4.5
  y: 74.0
  z: -13.5
  yaw: -109.199974
  pitch: 33.149982
