lastAccountName: iiMo
timestamps:
  login: 1613175203196
  logout: 1613175149208
ipAddress: 95.187.163.149
money: '0.0'
lastlocation:
  world: world
  x: -225.30000001192093
  y: 13.0
  z: 252.38731345923313
  yaw: -347.5569
  pitch: 64.94932
