lastAccountName: mody2312
timestamps:
  login: 1612999919606
  logout: 1613002855197
ipAddress: 156.205.226.186
money: '962.81872000000013214'
logoutlocation:
  world: world
  x: -342.24042892371995
  y: 63.9375
  z: 504.55172360527246
  yaw: 308.2491
  pitch: -6.7500253
lastlocation:
  world: world
  x: -27.12735101848658
  y: 66.0
  z: 65.30000001192093
  yaw: -93.10278
  pitch: -6.8041773
