lastAccountName: mody2312
timestamps:
  login: 1613730295767
  logout: 1613744628802
ipAddress: 156.205.213.85
money: '28.98282000000007720'
logoutlocation:
  world: world
  x: -179.9355705178188
  y: 56.0
  z: 132.65348812872273
  yaw: 81.610756
  pitch: 24.899622
lastlocation:
  world: world
  x: -348.7887000667464
  y: 64.875
  z: 469.6435238019811
  yaw: 315.89624
  pitch: 27.150127
