lastAccountName: i6la
timestamps:
  login: 1613748869876
  logout: 1613751506209
ipAddress: 51.223.170.168
logoutlocation:
  world: world
  x: -369.1357373713319
  y: 73.0
  z: 601.036282717989
  yaw: -103.66162
  pitch: 16.199825
money: '6506.71874999999929784'
lastlocation:
  world: world
  x: 246.69542736611245
  y: 126.0
  z: -1383.563453589669
  yaw: -54.866005
  pitch: 9.900254
