lastAccountName: TallerThanShort
timestamps:
  login: 1613136377059
  logout: 1613138022266
ipAddress: 86.129.89.31
logoutlocation:
  world: world
  x: 10.845043924489387
  y: 74.0
  z: -73.76151962232836
  yaw: 190.34993
  pitch: 8.100052
money: '50.0'
