lastAccountName: A7M4D12
timestamps:
  login: 1610442164591
  logout: 1610442249815
ipAddress: 51.252.18.196
money: '37.5'
logoutlocation:
  world: world
  x: -199.46130791438077
  y: 63.0
  z: 17.699999988079075
  yaw: 119.502556
  pitch: 39.07497
