lastAccountName: Shem
timestamps:
  login: 1611676143473
  logout: 1611676194337
ipAddress: 31.166.228.144
lastlocation:
  world: world
  x: 7.026935315436674
  y: 77.0
  z: -16.46018713351498
  yaw: 98.85424
  pitch: 43.613426
logoutlocation:
  world: world_the_end
  x: -442.36975567722817
  y: 63.0
  z: 1014.8287698406834
  yaw: -266.09625
  pitch: 31.233526
money: '25.0'
