lastAccountName: Shem
timestamps:
  login: 1610121225066
  logout: 1610121487430
ipAddress: 31.167.62.156
lastlocation:
  world: world
  x: 28.653716440812172
  y: 77.41999998688698
  z: -6.778342006651768
  yaw: -323.67105
  pitch: 21.32997
logoutlocation:
  world: world
  x: -589.9581565387533
  y: 94.0
  z: 679.1273687013627
  yaw: -65.187225
  pitch: 71.39995
