lastAccountName: Shem
timestamps:
  login: 1610713871452
  logout: 1610714432660
ipAddress: 31.166.238.128
lastlocation:
  world: world
  x: 7.026935315436674
  y: 77.0
  z: -16.46018713351498
  yaw: 98.85424
  pitch: 43.613426
logoutlocation:
  world: world_the_end
  x: -442.36975567722817
  y: 63.0
  z: 1014.8287698406834
  yaw: -265.19104
  pitch: 31.233526
money: '25.0'
