lastAccountName: YOUSSIF
timestamps:
  login: 1610553498540
  logout: 1610553543924
ipAddress: 102.184.12.234
logoutlocation:
  world: world
  x: -0.5
  y: 75.0
  z: -5.5
  yaw: 3.8830075
  pitch: -0.45000005
