lastAccountName: BILAL
timestamps:
  login: 1610541700399
  logout: 1610541688642
ipAddress: 45.243.77.68
logoutlocation:
  world: world
  x: -1071.5
  y: 61.875
  z: 1908.5
  yaw: 153.43497
  pitch: 0.0
money: '351.0'
lastlocation:
  world: world
  x: 30.918235522299128
  y: 77.0
  z: -0.9379753665778809
  yaw: 252.64757
  pitch: -3.1499407
