lastAccountName: BILAL
timestamps:
  login: 1610562829232
  logout: 1610564963967
ipAddress: 41.129.108.231
logoutlocation:
  world: world
  x: -1041.5
  y: 64.0
  z: 1895.5
  yaw: -134.99998
  pitch: 0.0
money: '39.703125'
lastlocation:
  world: world_nether
  x: -134.183928141988
  y: 84.0
  z: 354.98842913294317
  yaw: -75.31616
  pitch: 48.000042
