lastAccountName: xlunaq
timestamps:
  login: 1612995637845
  logout: 1613000339494
ipAddress: 154.181.205.65
money: '53.0'
logoutlocation:
  world: world
  x: -212.10560164673848
  y: 62.354237212564236
  z: 759.9521872890205
  yaw: 4.420154
  pitch: 18.191061
