lastlocation:
  world: world
  x: -1046.0479292669424
  y: 65.0
  z: 1976.8081858855094
  yaw: -75.30127
  pitch: 61.35018
lastAccountName: Aithelwulv
timestamps:
  login: 1611015926481
  logout: 1611016059499
  lastteleport: 1610387799895
ipAddress: 95.219.136.218
logoutlocation:
  world: world
  x: 246.77974331150523
  y: 126.0
  z: -1385.7888459056733
  yaw: 44.29198
  pitch: 18.60011
money: '1977.77675999999967147'
