lastlocation:
  world: world
  x: 14.699999988079071
  y: 77.0
  z: -6.300000011920929
  yaw: 63.49765
  pitch: 15.846009
lastAccountName: Aithelwulv
timestamps:
  login: 1612570946271
  logout: 1612572328352
  lastteleport: 1610387799895
ipAddress: 51.223.154.223
logoutlocation:
  world: world
  x: -727.6999999880791
  y: 7.0
  z: 868.5665779683181
  yaw: -265.8019
  pitch: -2.400018
money: '2591.09075999999972439'
