lastlocation:
  world: world
  x: -1046.0479292669424
  y: 65.0
  z: 1976.8081858855094
  yaw: -75.30127
  pitch: 61.35018
lastAccountName: Aithelwulv
timestamps:
  login: 1610666751633
  logout: 1610676557577
  lastteleport: 1610387799895
ipAddress: 94.49.242.22
logoutlocation:
  world: world
  x: 243.30000001192093
  y: 126.0
  z: -1386.699999988079
  yaw: 304.09198
  pitch: 58.35009
money: '1639.77175999999964647'
