lastAccountName: ZA_WARUD
timestamps:
  login: 1613739987230
  logout: 1613740307796
ipAddress: 51.235.93.82
logoutlocation:
  world: world
  x: -10.746783099376964
  y: 63.0
  z: 13.71826799034825
  yaw: 24.335938
  pitch: 6.750075
