lastAccountName: Belle Delphine
timestamps:
  login: 1610531842779
  logout: 1610534063921
  lastteleport: 1610370274354
ipAddress: 176.199.211.208
lastlocation:
  world: world
  x: -1112.4005041593578
  y: 64.0
  z: 1965.3183273763352
  yaw: -64.43652
  pitch: 18.000008
logoutlocation:
  world: world
  x: -555.1610101144877
  y: 87.0
  z: 714.4605556923912
  yaw: -88.34895
  pitch: 26.850218
money: '281.53620000000008315'
