lastAccountName: Belle Delphine
timestamps:
  login: 1610992850731
  logout: 1610992870518
  lastteleport: 1610370274354
ipAddress: 176.199.211.208
lastlocation:
  world: world
  x: -332.19272441035474
  y: 11.0
  z: 504.4909806559713
  yaw: 42.000084
  pitch: 1.0502019
logoutlocation:
  world: world
  x: -340.508561713039
  y: 64.0
  z: 501.4638927968224
  yaw: -97.55187
  pitch: 33.75005
money: '243.11680000000016937'
