lastAccountName: Belle Delphine
timestamps:
  login: 1609959372095
  logout: 1609959397421
ipAddress: 176.199.211.210
lastlocation:
  world: world
  x: 237.5
  y: 68.0
  z: 39.5
  yaw: 4.2675514
  pitch: 0.0
logoutlocation:
  world: world
  x: 240.58839491932457
  y: 74.0
  z: 25.093738814929146
  yaw: -149.24998
  pitch: 37.5
