lastAccountName: Belle Delphine
timestamps:
  login: 1610091777685
  logout: 1610092611155
ipAddress: 176.199.211.210
lastlocation:
  world: world
  x: 3.173232000081648
  y: 76.0
  z: -5.093694266328774
  yaw: -91.350006
  pitch: 0.60000426
logoutlocation:
  world: world
  x: -6.594142948140534
  y: 68.0
  z: 0.8169007776002308
  yaw: -46.200035
  pitch: 18.749964
money: '34.03000000000000102'
