lastAccountName: Belle Delphine
timestamps:
  login: 1610735194349
  logout: 1610737442117
  lastteleport: 1610370274354
ipAddress: 176.199.211.208
lastlocation:
  world: world
  x: -332.19272441035474
  y: 11.0
  z: 504.4909806559713
  yaw: 42.000084
  pitch: 1.0502019
logoutlocation:
  world: world
  x: -363.04272820297615
  y: 69.0
  z: 528.4842682891318
  yaw: 64.29773
  pitch: 5.700059
money: '243.11680000000016937'
