lastAccountName: Belle Delphine
timestamps:
  login: 1613036007245
  logout: 1613037679145
  lastteleport: 1610370274354
ipAddress: 176.199.211.208
lastlocation:
  world: world
  x: -332.19272441035474
  y: 11.0
  z: 504.4909806559713
  yaw: 42.000084
  pitch: 1.0502019
logoutlocation:
  world: world
  x: -552.8653834737216
  y: 79.0
  z: 751.0684155374884
  yaw: 161.10187
  pitch: 12.599956
money: '1237.22500000000031159'
