lastAccountName: makeXout17
timestamps:
  login: 1610982926571
  logout: 1610986372881
ipAddress: 50.60.171.152
money: '0.0'
logoutlocation:
  world: world
  x: -343.5
  y: 64.0
  z: 483.5
  yaw: 6.0488515
  pitch: 22.959887
