lastAccountName: alawdiv
timestamps:
  login: 1612640515660
  logout: 1612643473398
ipAddress: 197.135.115.95
logoutlocation:
  world: world
  x: -569.3492493853963
  y: 63.0
  z: 797.9644253506747
  yaw: -32.543453
  pitch: 1.7709944
money: '538.049460000000005566'
lastlocation:
  world: world
  x: -1352.7369555940477
  y: 39.0
  z: 1086.7363347842268
  yaw: 58.96582
  pitch: 35.492096
