lastAccountName: alawdiv
timestamps:
  login: 1611629913098
  logout: 1611629964957
ipAddress: 45.243.16.228
logoutlocation:
  world: world
  x: -252.12981233809964
  y: 62.0
  z: 542.1451914022684
  yaw: 139.7612
  pitch: -10.500959
money: '1153.818760000000097206'
lastlocation:
  world: world
  x: 5.455561618954907
  y: 77.0
  z: -9.43384687670064
  yaw: 91.22767
  pitch: 36.77393
