lastAccountName: alawdiv
timestamps:
  login: 1613735858371
  logout: 1613743288045
ipAddress: 197.135.191.140
logoutlocation:
  world: world
  x: -246.82970916914255
  y: 64.0
  z: 534.2061270427791
  yaw: -89.91516
  pitch: 12.679283
money: '326.454259999999980066'
lastlocation:
  world: world
  x: -208.3333747044797
  y: 44.0
  z: -3364.512499988079
  yaw: 59.724
  pitch: 19.348244
