lastAccountName: 7xgb
timestamps:
  login: 1613732305789
  logout: 1613732491205
ipAddress: 5.156.243.220
money: '30.20139999999999767'
lastlocation:
  world: world
  x: -153.395218830883
  y: 11.0
  z: 161.7439938342035
  yaw: 9.738602
  pitch: 25.498653
logoutlocation:
  world: world
  x: -351.5
  y: 66.0
  z: 508.3815856325724
  yaw: 49.185852
  pitch: 68.54978
