lastAccountName: 7xgb
timestamps:
  login: 1613176521492
  logout: 1613176464088
ipAddress: 93.169.52.160
money: '297.599999999999989'
lastlocation:
  world: world
  x: -235.3159860852857
  y: 71.0
  z: 661.1760428396666
  yaw: 217.8086
  pitch: -44.550423
logoutlocation:
  world: world
  x: -235.3159860852857
  y: 71.0
  z: 661.1760428396666
  yaw: 218.25867
  pitch: -44.550423
