lastAccountName: 7xgb
timestamps:
  login: 1613175199555
  logout: 1613175149207
ipAddress: 93.169.52.160
money: '0.0'
lastlocation:
  world: world
  x: -178.73761406643015
  y: 69.0
  z: 304.21807658761446
  yaw: -145.07657
  pitch: 14.60084
