lastAccountName: memo1055
timestamps:
  login: 1613176460687
  logout: 1613177737255
ipAddress: 129.208.178.40
lastlocation:
  world: world
  x: 59.6268576032561
  y: 74.0
  z: 3.4384481606829396
  yaw: -343.75226
  pitch: -11.974764
money: '0.0'
logoutlocation:
  world: world
  x: -342.28377901859875
  y: 64.0
  z: 498.19271146888764
  yaw: -9.287048
  pitch: 24.178532
