lastAccountName: Fahad
timestamps:
  login: 1610194316160
  lastteleport: 1610195552130
  logout: 1610203772332
ipAddress: 51.235.180.1
lastlocation:
  world: world
  x: 12.793322028454519
  y: 76.0
  z: -26.829017112372398
  yaw: -3.9269435
  pitch: 34.902367
money: '1606.5593750000000273'
logoutlocation:
  world: world
  x: -131.60593120198507
  y: 66.0
  z: 559.2848768307633
  yaw: -182.30261
  pitch: 39.994144
