lastAccountName: namenotfound670
timestamps:
  login: 1613740832860
  logout: 1613742581206
ipAddress: 62.150.135.118
money: '0.0'
logoutlocation:
  world: world
  x: -144.31278340430512
  y: 64.0
  z: 235.06331617565985
  yaw: 55.499954
  pitch: 7.650494
