lastAccountName: nobe8787
timestamps:
  login: 1613114607310
  logout: 1613116522517
ipAddress: 141.226.183.95
logoutlocation:
  world: world
  x: -253.34210507622285
  y: 43.0
  z: -462.49900146501784
  yaw: 263.99985
  pitch: 90.0
money: '0.0'
