lastAccountName: nobe8787
timestamps:
  login: 1613729386382
  logout: 1613730659758
ipAddress: 94.230.83.91
logoutlocation:
  world: world
  x: -132.3541033228661
  y: 64.0
  z: 538.3121893835565
  yaw: -78.3009
  pitch: 33.14991
money: '36.87900000000005170'
