lastAccountName: 3b9ood
timestamps:
  login: 1613649938182
  logout: 1613651286847
ipAddress: 81.52.152.70
logoutlocation:
  world: world
  x: -25.493670294197877
  y: 63.0
  z: 69.65196673530632
  yaw: 76.990265
  pitch: 28.0246
money: '236.4305000000000102'
