lastAccountName: adamatamne123
timestamps:
  login: 1612890648486
  logout: 1612891970150
ipAddress: 84.108.19.61
money: '100.0'
logoutlocation:
  world: world
  x: 364.5
  y: 44.5625
  z: -735.5
  yaw: -0.4559545
  pitch: -6.611269
