lastAccountName: 0x7knc0
timestamps:
  login: 1613732548037
  logout: 1613736602429
ipAddress: 37.127.142.52
logoutlocation:
  world: world
  x: -57.536223607594266
  y: 71.0
  z: -183.26982927146176
  yaw: 266.64703
  pitch: 17.835814
money: '0.0'
