lastAccountName: O1ekw
timestamps:
  login: 1610563442726
  logout: 1610564124022
ipAddress: 37.43.68.123
money: '358.05750000000000289'
logoutlocation:
  world: world
  x: -367.40535194013273
  y: 115.0
  z: 701.6999999880791
  yaw: -261.92798
  pitch: 50.105602
