lastAccountName: O1ekw
timestamps:
  login: 1610529431447
  logout: 1610532150356
ipAddress: 37.43.68.123
money: '149.030000000000000'
logoutlocation:
  world: world
  x: -358.30000001192093
  y: 80.0
  z: 652.437552183275
  yaw: -263.34613
  pitch: 52.146683
