lastAccountName: YOUSSIF123
timestamps:
  login: 1610738806830
  logout: 1610739130889
  lastteleport: 1610216784400
ipAddress: 102.184.12.234
lastlocation:
  world: world
  x: 245.4547994926611
  y: 126.0
  z: -1379.7885245750226
  yaw: -243.72266
  pitch: 8.100385
logoutlocation:
  world: world
  x: -1045.4704704453206
  y: 64.0
  z: 1970.485130900792
  yaw: -358.34604
  pitch: 90.0
money: '1263.17552500000014404'
