lastAccountName: YOUSSIF123
timestamps:
  login: 1610575235446
  logout: 1610575723331
  lastteleport: 1610216784400
ipAddress: 102.184.12.234
lastlocation:
  world: world
  x: 0.5
  y: 77.0
  z: -14.5
  yaw: 3.6000009
  pitch: 4.050001
logoutlocation:
  world: world
  x: -1045.7196446935757
  y: 65.0
  z: 1978.495742760165
  yaw: -118.33626
  pitch: 25.500174
money: '361.25852500000011644'
