lastAccountName: YOUSSIF123
timestamps:
  login: 1610479064584
  logout: 1610479263963
  lastteleport: 1610216784400
ipAddress: 102.184.12.234
lastlocation:
  world: world
  x: -319.73488552621484
  y: 67.0
  z: 554.3887418442293
  yaw: -200.8587
  pitch: 22.949839
logoutlocation:
  world: world
  x: -417.7767604352744
  y: 96.0
  z: 546.2565888074979
  yaw: -188.85388
  pitch: 48.449966
money: '2191.97157500000004358'
