lastAccountName: YOUSSIF123
timestamps:
  login: 1611624478539
  logout: 1611624577846
  lastteleport: 1610216784400
ipAddress: 45.243.16.228
lastlocation:
  world: world_nether
  x: 102.40184811477455
  y: 13.0
  z: -115.69999998807901
  yaw: -218.40973
  pitch: 18.00063
logoutlocation:
  world: world
  x: -340.86299857422256
  y: 63.0
  z: 551.9104715408596
  yaw: -215.54948
  pitch: 47.249943
money: '2543.72132499999997627'
