lastAccountName: YOUSSIF123
timestamps:
  login: 1611091882727
  logout: 1611092566673
  lastteleport: 1610216784400
ipAddress: 41.68.96.190
lastlocation:
  world: world
  x: -342.1826540314133
  y: 64.0
  z: 491.51504813860373
  yaw: 41.407112
  pitch: 21.749804
logoutlocation:
  world: world
  x: -1160.3006905638654
  y: 72.0
  z: 2608.141485077688
  yaw: -101.25189
  pitch: 18.899828
money: '1592.43702500000009706'
