lastAccountName: YOUSSIF123
timestamps:
  login: 1610024949083
  logout: 1610024974010
ipAddress: 102.184.12.234
lastlocation:
  world: world
  x: 66.76817035148403
  y: 65.0
  z: 95.67170857074235
  yaw: 93.15732
  pitch: 15.449924
logoutlocation:
  world: world
  x: 46.69999998807907
  y: 56.0
  z: 97.33395207308347
  yaw: -49.94292
  pitch: -6.0000415
money: '287.930000000000004'
