lastAccountName: YOUSSIF123
timestamps:
  login: 1610025100477
  logout: 1610025313534
ipAddress: 102.184.12.234
lastlocation:
  world: world
  x: 66.76817035148403
  y: 65.0
  z: 95.67170857074235
  yaw: 93.15732
  pitch: 15.449924
logoutlocation:
  world: world
  x: 55.13451591449083
  y: 59.0
  z: 95.69999998807907
  yaw: 263.85745
  pitch: 8.699857
money: '291.050000000000004'
