lastAccountName: YOUSSIF123
timestamps:
  login: 1610059564581
  logout: 1610059846965
  lastteleport: 1610027807045
ipAddress: 102.184.12.234
lastlocation:
  world: world
  x: 27.626611224423023
  y: 83.0
  z: -7.864869195140293
  yaw: -244.04999
  pitch: 27.449965
logoutlocation:
  world: world
  x: -414.3550681295717
  y: 91.0
  z: 557.5136000990835
  yaw: -6.241272
  pitch: 23.549976
money: '39.94000000000000310'
