lastAccountName: YOUSSIF123
timestamps:
  login: 1612980906695
  logout: 1612982967592
  lastteleport: 1610216784400
ipAddress: 41.68.149.98
lastlocation:
  world: world
  x: -132.2261566886758
  y: 34.0
  z: 123.59978028465648
  yaw: 213.91164
  pitch: -2.549954
logoutlocation:
  world: world
  x: -343.48656266410035
  y: 63.0
  z: 550.6857395234199
  yaw: -1.6512727
  pitch: 25.050167
money: '4100.73612500000013632'
