lastAccountName: HaRz2
timestamps:
  login: 1610441151108
  logout: 1610444105141
ipAddress: 5.194.183.71
logoutlocation:
  world: world
  x: -343.56055997346004
  y: 64.0625
  z: 491.9232038076179
  yaw: 180.17603
  pitch: 20.4096
money: '0.0'
