lastAccountName: HaRz2
timestamps:
  login: 1610613181027
  logout: 1610609594512
ipAddress: 5.194.183.71
logoutlocation:
  world: world
  x: -218.69999998807907
  y: 70.0
  z: 670.3000000119209
  yaw: -33.063843
  pitch: 30.479235
money: '0.0'
