lastAccountName: HaRz2
timestamps:
  login: 1613467938169
  logout: 1613467949168
ipAddress: 94.59.198.158
logoutlocation:
  world: world
  x: -231.00243107789194
  y: 70.0
  z: 672.496846101841
  yaw: 306.9463
  pitch: 16.367567
money: '161.3585000000000023'
lastlocation:
  world: world_the_end
  x: -59.247222424537696
  y: 58.0
  z: 25.71526310109591
  yaw: 343.31476
  pitch: 16.83447
