lastAccountName: Millionairestr
timestamps:
  login: 1613439258944
  logout: 1613439819409
ipAddress: 196.64.165.113
logoutlocation:
  world: world
  x: 30.028539280317382
  y: 77.0
  z: -5.878332718503246
  yaw: 110.85303
  pitch: 6.994772
