lastAccountName: FarisKhaled
timestamps:
  login: 1613552380492
  logout: 1613554347967
ipAddress: 37.104.219.7
logoutlocation:
  world: world
  x: -229.52859380180178
  y: 70.0
  z: 670.0605422026493
  yaw: -9.449829
  pitch: 12.900045
money: '0.0'
lastlocation:
  world: world
  x: 22.9951019048229
  y: 77.0
  z: -5.482328486116243
  yaw: -117.82947
  pitch: 6.599992
