lastAccountName: osmmmo
timestamps:
  login: 1613649643635
  logout: 1613651753588
ipAddress: 51.253.34.132
money: '100.0'
logoutlocation:
  world: world
  x: 106.98875816853209
  y: 73.0
  z: 256.31688607774646
  yaw: -278.91852
  pitch: 25.920465
