lastAccountName: 4ksr
timestamps:
  login: 1612642108475
  logout: 1612643496747
ipAddress: 37.126.22.88
logoutlocation:
  world: world
  x: -562.3000000119209
  y: 63.0
  z: 794.8184417940607
  yaw: -2.6036987
  pitch: 12.00006
money: '936.22400000000015687'
lastlocation:
  world: world
  x: -1106.0284127259295
  y: 67.0
  z: 453.699081118473
  yaw: -128.09808
  pitch: 28.64991
