lastAccountName: Trop1er
timestamps:
  login: 1610651458206
  logout: 1610651854352
ipAddress: 37.37.195.100
money: '100.0'
logoutlocation:
  world: world
  x: -0.5
  y: 74.0
  z: -3.5
  yaw: -73.80013
  pitch: 17.100029
