lastAccountName: Darkussnull
timestamps:
  login: 1613178974707
  logout: 1613178972050
ipAddress: 41.129.57.135
logoutlocation:
  world: world
  x: -672.9719767969784
  y: 64.0
  z: -0.326134619389331
  yaw: -116.846466
  pitch: 25.049969
money: '331.77705000000027773'
lastlocation:
  world: world
  x: -343.2965111373276
  y: 63.0
  z: 550.0637907377635
  yaw: -243.60028
  pitch: 16.050047
