lastAccountName: Darkussnull
timestamps:
  login: 1611612535003
  logout: 1611628353140
ipAddress: 41.129.72.241
logoutlocation:
  world: world
  x: -297.47563544481494
  y: 66.0
  z: 536.9754892782244
  yaw: 92.99545
  pitch: 32.699947
money: '249.45555000000021544'
lastlocation:
  world: world
  x: -391.023936153308
  y: 19.0
  z: -485.53997728046187
  yaw: -265.47388
  pitch: 21.300344
