lastAccountName: Darkussnull
timestamps:
  login: 1610582074982
  logout: 1610582162036
ipAddress: 41.129.108.231
logoutlocation:
  world: world
  x: -2.5
  y: 73.0
  z: -2.5
  yaw: 4.84825
  pitch: 1.6500001
