lastAccountName: Darkussnull
timestamps:
  login: 1613684884283
  logout: 1613686558784
ipAddress: 45.243.34.62
logoutlocation:
  world: world
  x: 4.5
  y: 75.0999984741211
  z: -11.5
  yaw: 0.0
  pitch: 0.0
money: '623.55440000000020958'
lastlocation:
  world: world
  x: 1.5
  y: 75.0
  z: -8.5
  yaw: 61.89061
  pitch: 24.454338
