lastAccountName: Darkussnull
timestamps:
  login: 1613175206409
  logout: 1613175149207
ipAddress: 41.129.57.135
logoutlocation:
  world: world
  x: -333.22182453301593
  y: 41.0
  z: 550.3000000119209
  yaw: -5.6994324
  pitch: 23.549973
money: '2198.56125000000030018'
lastlocation:
  world: world
  x: -225.62253716916027
  y: 13.0
  z: 253.69999998807907
  yaw: 202.78265
  pitch: 90.0
