lastAccountName: JUST0A0GUY
timestamps:
  login: 1613346581818
  logout: 1613348131364
ipAddress: 197.0.85.180
logoutlocation:
  world: world_nether
  x: 0.639111819914733
  y: 9.0
  z: -93.28308781827181
  yaw: -337.17926
  pitch: 29.560734
lastlocation:
  world: world
  x: -350.50769566943205
  y: 88.0
  z: -11.1451021256678
  yaw: -4.27481
  pitch: 18.45066
money: '50.0'
