lastAccountName: hemo0o2020
timestamps:
  login: 1610485562929
  logout: 1610492355743
ipAddress: 95.184.223.2
logoutlocation:
  world: world
  x: -325.2965570554674
  y: 66.0
  z: 525.6999999880791
  yaw: -9.687481
  pitch: 33.154167
money: '100.0'
lastlocation:
  world: world
  x: -306.2112416652158
  y: 64.0
  z: 513.5458722415913
  yaw: -189.1029
  pitch: 33.651512
