lastAccountName: hemo0o2020
timestamps:
  login: 1611431767158
  logout: 1611431774925
ipAddress: 51.218.34.201
logoutlocation:
  world: world
  x: -325.2965570554674
  y: 66.0
  z: 525.6999999880791
  yaw: 23.29304
  pitch: 47.075584
money: '100.0'
lastlocation:
  world: world
  x: -306.2112416652158
  y: 64.0
  z: 513.5458722415913
  yaw: -189.1029
  pitch: 33.651512
