lastAccountName: Lugwed
timestamps:
  login: 1613140147259
  logout: 1613147253616
ipAddress: 86.97.244.193
logoutlocation:
  world: world
  x: -156.69999998807907
  y: 57.0
  z: 245.30000001192093
  yaw: 124.40338
  pitch: 15.59803
money: '0.0'
