lastAccountName: Lugwed
timestamps:
  login: 1613737768171
  logout: 1613745794654
ipAddress: 86.97.244.193
logoutlocation:
  world: world
  x: -168.12487299476376
  y: 63.5625
  z: 231.63630368467986
  yaw: 21.258654
  pitch: 53.69056
money: '6415.0613999999986396'
lastlocation:
  world: world
  x: 248.43734479880763
  y: 63.0
  z: -1383.300000011921
  yaw: -339.07715
  pitch: 36.30945
