lastAccountName: 5haledX
timestamps:
  login: 1610724085610
  logout: 1610729996706
  lastteleport: 1610217984735
ipAddress: 51.36.94.179
lastlocation:
  world: world
  x: -1008.756249548351
  y: 63.0
  z: 1936.1451922349684
  yaw: -204.30103
  pitch: 8.249756
money: '10817.5232499999994452'
logoutlocation:
  world: world
  x: -418.6390999405209
  y: 91.0
  z: 554.8520515048509
  yaw: -33.92571
  pitch: 42.00005
