lastAccountName: 5haledX
timestamps:
  login: 1610524833812
  logout: 1610531849047
  lastteleport: 1610217984735
ipAddress: 51.39.67.158
lastlocation:
  world: world
  x: -1044.1362439717118
  y: 65.0
  z: 1984.4774060145185
  yaw: -222.4253
  pitch: 25.199986
money: '5448.9964999999995049'
logoutlocation:
  world: world
  x: -413.64165187708744
  y: 91.0
  z: 552.7601234030126
  yaw: -181.81836
  pitch: 30.15048
