lastAccountName: 5haledX
timestamps:
  login: 1610065343202
  logout: 1610065441397
ipAddress: 51.36.77.147
lastlocation:
  world: world
  x: 9.078878460074904
  y: 78.0
  z: -14.254499633724652
  yaw: -261.29828
  pitch: 43.80017
money: '89.2358249999999963'
logoutlocation:
  world: world
  x: -412.8627654509566
  y: 92.0
  z: 551.6031068673701
  yaw: -246.00409
  pitch: 43.349556
