lastAccountName: x1azr
timestamps:
  login: 1613735879491
  logout: 1613738716751
  lastteleport: 1610372317125
ipAddress: 37.121.168.194
lastlocation:
  world: world
  x: -743.6190223812055
  y: 18.0
  z: 3159.9629171276674
  yaw: -175.17157
  pitch: 10.650172
money: '47289.703965000000220726'
logoutlocation:
  world: world
  x: -1044.703146700192
  y: 65.0
  z: 1984.52394816446
  yaw: -70.77893
  pitch: 31.200165
