lastAccountName: x1azr
timestamps:
  login: 1610734547570
  logout: 1610735019300
  lastteleport: 1610372317125
ipAddress: 37.124.218.59
lastlocation:
  world: world
  x: -577.2521766784416
  y: 136.65552175294314
  z: 675.5066080090703
  yaw: 117.142555
  pitch: 53.249893
money: '38633.252965000000125426'
logoutlocation:
  world: world
  x: -1045.0179024026452
  y: 73.0625
  z: 1981.9706905098278
  yaw: -0.943573
  pitch: 3.4500504
