lastAccountName: x1azr
timestamps:
  login: 1610105533416
  logout: 1610071824207
ipAddress: 37.124.218.59
lastlocation:
  world: world
  x: -428.4056251911065
  y: 11.0
  z: 185.30000001192093
  yaw: -10.918823
  pitch: 23.255371
money: '8695.257700000000124926'
logoutlocation:
  world: world
  x: -343.536403941866
  y: 64.0
  z: 484.78257444551207
  yaw: 8.100162
  pitch: 21.59996
