lastAccountName: x1azr
timestamps:
  login: 1610587290779
  logout: 1610589537906
  lastteleport: 1610372317125
ipAddress: 37.124.218.59
lastlocation:
  world: world
  x: -956.5970280879088
  y: 11.0
  z: 2538.554304212851
  yaw: -311.917
  pitch: -44.25018
money: '28427.205565000000054406'
logoutlocation:
  world: world
  x: -1045.1528359322228
  y: 73.0
  z: 1981.9173012611861
  yaw: 181.05206
  pitch: -14.700056
