lastAccountName: x1azr
timestamps:
  login: 1610513749657
  logout: 1610520255847
  lastteleport: 1610372317125
ipAddress: 37.124.218.59
lastlocation:
  world: world
  x: -1074.1081511468776
  y: 64.0
  z: 1962.1707225655887
  yaw: -74.691864
  pitch: 28.349892
money: '17038.354965000000080246'
logoutlocation:
  world: world
  x: 243.6871773706227
  y: 126.0
  z: -1379.6197085475987
  yaw: -281.07803
  pitch: 1.0501375
