lastAccountName: x1azr
timestamps:
  login: 1613033429785
  logout: 1613033926843
  lastteleport: 1610372317125
ipAddress: 37.240.1.46
lastlocation:
  world: world
  x: -577.2521766784416
  y: 136.65552175294314
  z: 675.5066080090703
  yaw: 117.142555
  pitch: 53.249893
money: '42033.252965000000125426'
logoutlocation:
  world: world
  x: -1045.0179024026452
  y: 73.0625
  z: 1981.9706905098278
  yaw: 0.8564273
  pitch: 1.6500503
