lastAccountName: N1FNF
timestamps:
  login: 1610725456949
  logout: 1610725756178
ipAddress: 77.31.247.91
lastlocation:
  world: world
  x: -4.5
  y: 72.0
  z: -3.5
  yaw: 4.334445
  pitch: 0.0
logoutlocation:
  world: world
  x: -28.138067277427673
  y: 64.0
  z: 31.241147613819816
  yaw: -282.3155
  pitch: 13.649641
money: '6.25'
