lastAccountName: Orlov_who
timestamps:
  login: 1612701240183
  logout: 1612701253389
ipAddress: 139.64.7.211
logoutlocation:
  world: world
  x: 4.5
  y: 75.0
  z: -14.5
  yaw: 8.998541
  pitch: -2.5500002
