lastAccountName: mtiger8
timestamps:
  login: 1610063014231
  logout: 1610066492863
ipAddress: 176.44.97.137
lastlocation:
  world: world
  x: 6.5
  y: 76.0
  z: 4.5
  yaw: 4.23534
  pitch: 0.0
money: '940.41419500000006178'
logoutlocation:
  world: world
  x: -868.6999999880791
  y: 71.0
  z: 1142.2218079045526
  yaw: -292.41907
  pitch: 17.262457
