lastAccountName: mtiger8
timestamps:
  login: 1610237228306
  logout: 1610237368294
  lastteleport: 1610218803080
ipAddress: 128.234.220.28
lastlocation:
  world: world
  x: -6.53565314025565
  y: 74.0
  z: 34.29665466356614
  yaw: -294.98605
  pitch: 30.615297
money: '40.47368500000000633'
logoutlocation:
  world: world
  x: -362.538344084201
  y: 71.0
  z: 518.7315328933553
  yaw: -146.51787
  pitch: 14.962377
