lastAccountName: drob_craft_0500
timestamps:
  login: 1613677737376
  logout: 1613678528634
ipAddress: 51.36.86.168
logoutlocation:
  world: world
  x: 40.23109701129308
  y: 80.0
  z: 20.87076232224416
  yaw: -127.493225
  pitch: 15.149757
money: '50.0'
