lastAccountName: AnonymousM7
timestamps:
  login: 1610038981942
  logout: 1610038990712
ipAddress: 87.70.95.181
lastlocation:
  world: world
  x: 3.0
  y: 76.0
  z: -5.0
  yaw: -2.1
  pitch: 4.5000014
money: '90.6500000000000009'
logoutlocation:
  world: world
  x: 70.30031472358027
  y: 27.0
  z: 433.69999998807907
  yaw: -96.526344
  pitch: 21.749989
