lastAccountName: AnonymousM7
timestamps:
  login: 1610737694750
  logout: 1610739131138
  lastteleport: 1610196162540
ipAddress: 87.71.7.226
lastlocation:
  world: world_nether
  x: 88.52741519154283
  y: 13.0
  z: -36.53243353039494
  yaw: 182.99704
  pitch: 28.949974
money: '1569.4570000000001945'
logoutlocation:
  world: world_nether
  x: 52.16565844510079
  y: 27.0
  z: 21.551772795005384
  yaw: 87.24944
  pitch: 45.90005
