lastAccountName: AnonymousM7
timestamps:
  login: 1610193587053
  logout: 1610197431529
  lastteleport: 1610196162540
ipAddress: 77.126.67.137
lastlocation:
  world: world
  x: 2.7254679227526166
  y: 77.0
  z: -8.725893404858306
  yaw: -20.099762
  pitch: 22.800003
money: '5005.7760000000001996'
logoutlocation:
  world: world
  x: -524.2662155767997
  y: 52.0
  z: 968.6852605673647
  yaw: -295.5011
  pitch: 22.199831
