lastAccountName: AnonymousM7
timestamps:
  login: 1613208651720
  logout: 1613208696683
  lastteleport: 1610196162540
ipAddress: 77.124.189.254
lastlocation:
  world: world_nether
  x: 52.16565844510079
  y: 27.0
  z: 21.551772795005384
  yaw: 87.24944
  pitch: 45.90005
money: '1611.4834000000001924'
logoutlocation:
  world: world
  x: -351.5
  y: 66.0
  z: 509.2905884699401
  yaw: 254.8505
  pitch: -6.299989
