lastAccountName: marwan
timestamps:
  login: 1611097529295
  logout: 1611097553906
ipAddress: 45.240.143.86
lastlocation:
  world: world
  x: 790.0552395847233
  y: 64.0
  z: 434.6501431932774
  yaw: -185.24995
  pitch: 36.899975
money: '67.8975'
logoutlocation:
  world: world
  x: 12.612664014401087
  y: 77.0
  z: 3.397140541372366
  yaw: 0.0
  pitch: 0.0
