lastAccountName: marwan
timestamps:
  login: 1610565975022
  logout: 1610566105249
ipAddress: 41.129.108.231
lastlocation:
  world: world
  x: -189.71712585732803
  y: 65.16610926093821
  z: 135.20997372332943
  yaw: -188.54988
  pitch: 22.050001
money: '114.7775'
logoutlocation:
  world: world
  x: -335.15763706048386
  y: 72.5625
  z: 658.3000000119209
  yaw: -75.749596
  pitch: 38.40022
