lastAccountName: marwan
timestamps:
  login: 1611629579589
  logout: 1611629842988
ipAddress: 45.243.16.228
lastlocation:
  world: world
  x: -392.5344906527439
  y: 19.0
  z: -485.67848231894374
  yaw: -99.146034
  pitch: 24.74998
money: '2831.41010000000009111'
logoutlocation:
  world: world
  x: -330.2477846806902
  y: 67.0
  z: 551.6946639068142
  yaw: 80.59434
  pitch: 29.550543
