lastAccountName: marwan
timestamps:
  login: 1610480133472
  logout: 1610483391796
ipAddress: 45.243.91.224
lastlocation:
  world: world
  x: -189.71712585732803
  y: 65.16610926093821
  z: 135.20997372332943
  yaw: -188.54988
  pitch: 22.050001
money: '114.7775'
logoutlocation:
  world: world
  x: -335.15763706048386
  y: 72.5625
  z: 658.3000000119209
  yaw: -71.699554
  pitch: 40.65021
