lastAccountName: marwan
timestamps:
  login: 1612018897357
  logout: 1612019271910
ipAddress: 41.129.74.254
lastlocation:
  world: world
  x: -1276.2898600153544
  y: 33.5625
  z: 1196.5
  yaw: -197.85
  pitch: 18.149996
money: '4870.93921999999984635'
logoutlocation:
  world: world
  x: -347.08783191888523
  y: 63.0
  z: 550.3983150855423
  yaw: 261.7328
  pitch: 31.650026
