lastAccountName: marwan
timestamps:
  login: 1613576639581
  logout: 1613576651111
ipAddress: 41.129.64.5
lastlocation:
  world: world
  x: -346.1131393076363
  y: 63.0
  z: 552.2799762694008
  yaw: 309.4334
  pitch: 52.95003
money: '400.92021999999984645'
logoutlocation:
  world: world
  x: -669.455522639323
  y: 64.0
  z: -12.73259223968578
  yaw: 171.45348
  pitch: 18.150015
