lastAccountName: Spect1r
timestamps:
  login: 1612726081951
  logout: 1612726154250
ipAddress: 159.0.253.15
logoutlocation:
  world: world
  x: -1045.4704704453206
  y: 64.0
  z: 1970.485130900792
  yaw: -0.50509644
  pitch: 89.43686
money: '0.0'
lastlocation:
  world: world
  x: 1.5
  y: 77.0
  z: -10.5
  yaw: 3.0565608
  pitch: 0.0
