lastAccountName: HmSh_101
timestamps:
  login: 1613624231614
  logout: 1613624289013
ipAddress: 95.219.97.218
money: '989.1875'
logoutlocation:
  world: world
  x: 10.013726230169288
  y: 77.0
  z: 3.069105916359632
  yaw: -181.5192
  pitch: 32.81593
lastlocation:
  world: world
  x: 17.857173222391655
  y: 77.0
  z: -0.8634950855124889
  yaw: -86.04831
  pitch: 21.148409
