lastAccountName: HmSh_101
timestamps:
  login: 1612373676442
  logout: 1612374231471
ipAddress: 161.70.196.152
money: '989.1875'
logoutlocation:
  world: world
  x: 10.38132451525071
  y: 77.0
  z: 3.1632988263677646
  yaw: -191.89929
  pitch: 10.768247
lastlocation:
  world: world
  x: 17.857173222391655
  y: 77.0
  z: -0.8634950855124889
  yaw: -86.04831
  pitch: 21.148409
