lastAccountName: HmSh_101
timestamps:
  login: 1611086912039
  logout: 1611087612583
ipAddress: 161.70.195.58
money: '0.0'
logoutlocation:
  world: world
  x: -0.30000001192092884
  y: 74.02442408821369
  z: -1.827488449255242
  yaw: -72.95225
  pitch: 3.686421
