world: world
x: 3.37499987733534
y: 76.0
z: -4.397370910120026
yaw: -122.30032
pitch: 15.7404
name: spawn
lastowner: 09cc1513-af9f-3193-9037-9961512ac1f1
