world: world
x: 10.122838473662268
y: 77.0
z: -6.300000011920929
yaw: 21.197632
pitch: 19.363293
name: spawn
lastowner: 09cc1513-af9f-3193-9037-9961512ac1f1
